
CAM 10x6 folder, R=19mm yoke

 2           ! Nblades

 0.55  6.2   ! CL0     CL_a 
 -0.5  1.8   ! CLmin   CLmax

 0.014  0.020  0.030  0.7   !  CD0    CD2u  CD2l    CLCD0
 2.0e5   -0.4        !  REref  REexp

 0.0254  0.0254   1.0  !  Rfac   Cfac   Bfac  
 0.0     0.0      0.0  !  Radd   Cadd   Badd  

#  r  chord   beta [ CL0  CL_a CLmin CLmax CD0   CD2u   CD2l  CLCD0 REref REexp ]
 1.0589 0.7767 40.2    0.83  6.2  -0.5  1.4  0.018  0.012  0.002  0.43  2.0e5 -0.4
 1.405  0.721  35.0    0.80  6.2  -0.5  1.4  0.016  0.013  0.005  0.5   2.0e5 -0.4
 1.571  0.798  30.0    0.70  6.2  -0.5  1.4  0.015  0.016  0.015  0.59  2.0e5 -0.4
 1.933  0.822  25.0    0.58  6.2  -0.5  1.4  0.0142 0.029  0.025  0.67  2.0e5 -0.4
 2.394  0.789  20.0    0.55  6.2  -0.5  1.4  0.014  0.020  0.030  0.70  2.0e5 -0.4
 2.704  0.767  17.5    0.55  6.2  -0.5  1.4  0.014  0.020  0.030  0.70  2.0e5 -0.4
 3.065  0.742  15.0    0.55  6.2  -0.5  1.4  0.014  0.020  0.030  0.70  2.0e5 -0.4
 3.465  0.711  12.5    0.55  6.2  -0.5  1.4  0.014  0.020  0.030  0.70  2.0e5 -0.4
 3.938  0.658  10.0    0.55  6.2  -0.5  1.4  0.014  0.020  0.030  0.70  2.0e5 -0.4
 4.361  0.572   8.5  
 4.644  0.478   7.7  
 5.000  0.270   6.8  

