
CAM 9x5 folder

 2           ! Nblades

 0.55  6.2   ! CL0     CL_a 
 -0.5  1.8   ! CLmin   CLmax

 0.014  0.020  0.030  0.7   !  CD0    CD2u  CD2l    CLCD0
 2.0e5   -0.4        !  REref  REexp

 0.0254  0.0254   1.0  !  Rfac   Cfac   Bfac  
 0.0     0.0      0.0  !  Radd   Cadd   Badd  

#  r  chord   beta [ CL0  CL_a CLmin CLmax CD0   CD2u   CD2l  CLCD0 REref REexp ]
0.953   0.699   35.0  0.83  6.2  -0.5  1.4  0.018  0.012  0.002  0.43  2.0e5 -0.4
1.108   0.770   30.0  0.80  6.2  -0.5  1.4  0.016  0.013  0.005  0.5   2.0e5 -0.4
1.413   0.797   25.0  0.70  6.2  -0.5  1.4  0.015  0.016  0.015  0.59  2.0e5 -0.4
1.786   0.765   20.0  0.58  6.2  -0.5  1.4  0.0142 0.029  0.025  0.67  2.0e5 -0.4
2.076   0.740   17.5  0.55  6.2  -0.5  1.4  0.014  0.020  0.030  0.70  2.0e5 -0.4
2.406   0.710   15.0  0.55  6.2  -0.5  1.4  0.014  0.020  0.030  0.70  2.0e5 -0.4
2.766   0.678   12.5  0.55  6.2  -0.5  1.4  0.014  0.020  0.030  0.70  2.0e5 -0.4
3.213   0.633   10.0  0.55  6.2  -0.5  1.4  0.014  0.020  0.030  0.70  2.0e5 -0.4
3.753   0.554    7.5  0.55  6.2  -0.5  1.4  0.014  0.020  0.030  0.70  2.0e5 -0.4
4.150   0.440    6.1
4.419   0.312    5.2
4.500   0.160    4.9






