CAM 9x6 folder, R=19mm yoke

 2           ! Nblades

 0.55  6.2   ! CL0     CL_a 
 -0.5  1.8   ! CLmin   CLmax

 0.014  0.020  0.030  0.7   !  CD0    CD2u  CD2l    CLCD0
 2.0e5   -0.4        !  REref  REexp

 0.0254  0.0254   1.0  !  Rfac   Cfac   Bfac  
 0.0     0.0      0.0  !  Radd   Cadd   Badd  

#  r  chord   beta [ CL0  CL_a CLmin CLmax CD0   CD2u   CD2l  CLCD0 REref REexp ]
1.385   0.752  35.0  0.80  6.2  -0.5  1.4  0.016  0.013  0.005  0.5   2.0e5 -0.4
1.484   0.825  30.0  0.70  6.2  -0.5  1.4  0.015  0.016  0.015  0.59  2.0e5 -0.4
1.905   0.821  25.0  0.58  6.2  -0.5  1.4  0.0142 0.029  0.025  0.67  2.0e5 -0.4
2.380   0.769  20.0  0.55  6.2  -0.5  1.4  0.014  0.020  0.030  0.70  2.0e5 -0.4
2.663   0.736  17.5  0.55  6.2  -0.5  1.4  0.014  0.020  0.030  0.70  2.0e5 -0.4
3.024   0.677  15.0  0.55  6.2  -0.5  1.4  0.014  0.020  0.030  0.70  2.0e5 -0.4
3.394   0.611  12.5  0.55  6.2  -0.5  1.4  0.014  0.020  0.030  0.70  2.0e5 -0.4
3.863   0.494  10.0  0.55  6.2  -0.5  1.4  0.014  0.020  0.030  0.70  2.0e5 -0.4
4.181   0.378   8.5
4.370   0.232   7.5
4.500   0.110   7.0













